# Covariance of P0, P2, Cl^gk at z = 1.10
# (47,47) matrix
# index 1-17: P0, k = [0.04 0.05 0.06 0.07 0.08 0.09 0.1 0.11 0.12 0.13 0.14 0.15 0.16 0.17 0.18 0.19 0.2]
# index 18-34: P2, k = [0.04 0.05 0.06 0.07 0.08 0.09 0.1 0.11 0.12 0.13 0.14 0.15 0.16 0.17 0.18 0.19 0.2]
1.611796373531016055e+06 1.603724195510721802e+04 7.244778717701870482e+04 9.056738044171065849e+04 -4.109467572775132430e+04 3.289600257468900963e+04 -7.599021177760191676e+03 2.772974370636872209e+03 2.640592666792014643e+04 7.398439714000875028e+03 5.075497255042004326e+03 1.303284497935301442e+04 1.233512553743102671e+03 3.849618592677431934e+03 9.075333958975916175e+03 3.843250601115826157e+02 3.393726494987297428e+03 1.978027897782076616e+06 1.528450300799442339e+05 4.106003444889417005e+04 1.670911111429072043e+05 -5.171985525374355348e+04 -1.128879945019923071e+04 1.197676029549746818e+04 1.023442608978795943e+04 -1.373199757589507681e+04 -1.375438351550221887e+04 -1.779328059161264900e+04 3.818667830294977466e+04 9.030108376271269663e+03 2.631105592533663730e+04 1.953425570142620927e+04 -1.083130534597843871e+04 -2.841638403570655555e+03 1.337360831847852344e-02 1.803842633965362444e-02 7.375610546086252065e-03 1.818224752539684269e-02 -1.598093604309937937e-02 -3.322780608376634665e-02 -9.849687591377311036e-03 -1.959483479766411032e-02 2.846853177244714275e-02 -1.212070292824557645e-02 2.253646282914830226e-02 3.959444895273694226e-02 3.135419622506187623e-03
1.603724195510721802e+04 3.790105808721795911e+05 2.355012759398543494e+04 3.172324301159533570e+04 2.099371767930756323e+04 8.155988756191773973e+03 1.359489868611914972e+04 3.780186989218979079e+02 3.347244223137150811e+02 -1.406133633386024542e+02 7.641016395376924265e+03 -1.497749967687168692e+03 6.606735294151800190e+03 1.702477256265458664e+03 3.062628560425312685e+02 5.009214074578514555e+03 -3.096865043613361479e+01 1.376069333379585296e+05 5.867175611877138726e+05 -5.230903403233141580e+04 9.251520079482966685e+04 -3.870317172080210730e+04 -2.924120988613679583e+04 1.725280541658477887e+04 -1.560634332279125556e+04 4.750802059247323086e+03 -4.406223627955668235e+03 2.027362182884514186e+04 -9.364964081101077227e+02 6.029260557588827396e+02 1.049093735059114579e+03 6.766240333435227512e+03 8.264316591054008313e+03 4.387118389249649226e+03 -6.009407573641678026e-03 -1.016352935135108639e-02 9.925716517926208224e-03 -1.169614844678200198e-02 -5.698512880167219685e-03 -2.339366299559871541e-03 -1.499976135414689965e-02 -6.116623219943621327e-03 9.167518562555021164e-03 9.171200473218631827e-03 1.663619308838405406e-02 -1.065472909176072396e-02 1.053532095425988024e-02
7.244778717701870482e+04 2.355012759398543494e+04 2.187365601968521660e+05 -2.819288760914240015e+02 6.394611076056815364e+03 1.577783476410628509e+03 -1.537459725151961720e+03 4.142933274373678614e+03 4.951328794058842504e+03 3.593592055522859482e+03 -1.166442474678210601e+03 8.326951015778799103e+01 9.238834813458045119e+02 3.487452699180632408e+03 7.065028423316435919e+02 1.445944463134913576e+03 -1.276367945707583658e+03 7.941044904517054965e+04 -2.553623550305121171e+04 1.209830876442958106e+05 2.589436581603623199e+04 2.922003049262674904e+04 7.973389043329172637e+03 1.508014064158261499e+04 -4.343927797772686063e+03 1.930126182715710092e+04 -1.941727221894145487e+03 5.094795972095872457e+03 -1.562722049025450133e+02 1.544398487368374163e+03 3.896251664075995905e+03 1.885418233677515218e+03 9.522891906552076762e+02 -3.906582983422104917e+03 -2.534069094084361734e-03 5.372320725306575090e-03 9.182544944359950431e-03 1.366263527522885296e-02 3.104005127731011057e-03 -9.355165193147597230e-03 3.485331687910314148e-03 -2.574731946172488257e-03 2.354535609521682740e-03 -4.323493201862603323e-03 -9.352241170716410479e-03 -3.157813251821901639e-03 6.831674567434962118e-03
9.056738044171065849e+04 3.172324301159533570e+04 -2.819288760914240015e+02 1.958891188850582694e+05 1.673214282140099613e+03 3.829284123715519854e+03 1.729079576241767063e+04 -1.243256647147420381e+03 2.165226393128578479e+02 7.305360458401520418e+02 1.535256580107092304e+03 2.539883685932996286e+03 4.790474987716587748e+03 4.429545312017526157e+03 2.552545929129813430e+03 1.482766079503440324e+03 1.449137907804080896e+03 2.227327624162610155e+05 1.447121904892597195e+04 -1.027755499093231447e+04 3.061195396542693488e+05 -4.506021282511629397e+04 -1.006003395295457813e+04 1.830232574534623927e+04 -7.111394227383540965e+03 -2.338251441629676719e+03 1.553230093320828018e+04 -2.197684090857694628e+03 6.498833336922180024e+03 4.212784472200071832e+03 9.982607567906841723e+03 6.564651648050034964e+03 -6.202187017781102440e+02 6.603317536118543103e+03 -8.180230901159027748e-03 -3.671626022308075842e-03 3.636949983571898838e-03 1.865204375678454485e-02 -1.082388944001087469e-02 -9.748870100933126198e-03 6.912452837386442658e-03 -3.465975975362919383e-03 -3.985384509080275349e-04 4.693285563840888207e-03 5.330897442487442760e-03 -7.689860007756139232e-03 9.830893999366728531e-03
-4.109467572775132430e+04 2.099371767930756323e+04 6.394611076056815364e+03 1.673214282140099613e+03 9.166151830133928161e+04 9.986589113656010568e+02 5.615142086137204387e+03 1.811071400796586659e+03 3.183946557106979071e+03 3.812402421634037182e+03 3.396762451118559966e+03 1.607326870626115578e+03 1.741031454362549312e+03 -9.352017552079302050e+02 4.340887401530592911e+02 1.995552273773371553e+03 1.882858564631559659e+02 -5.892112642867377144e+04 -2.150904897785815774e+04 -8.510905925410241252e+03 3.921938109341660038e+03 1.091087355961961875e+05 -7.495902790204467010e+02 -3.873307455097004549e+03 -2.846983606643341318e+03 1.191090490276889432e+04 -2.133641976617160708e+03 1.392056106936717697e+03 2.435775228029446225e+03 3.086890566252187909e+03 3.373995811889244123e+03 -2.312117437516434165e+03 2.420899084195952582e+03 -1.767563659046689963e+02 2.156942525235943514e-03 7.583927133645828851e-04 1.460314755974424653e-03 6.240838536566938304e-04 7.903834001808673210e-03 -1.030884323759647704e-03 3.029225039716088898e-03 1.844830747327487594e-04 4.046805203196806276e-03 -3.413139846622299106e-03 4.810133424103232641e-04 -9.356830943095044775e-03 -4.505680068399189712e-03
3.289600257468900963e+04 8.155988756191773973e+03 1.577783476410628509e+03 3.829284123715519854e+03 9.986589113656010568e+02 3.952835483677864977e+04 2.953924495669537009e+03 2.971832926034315278e+03 2.774664800407105304e+03 4.553608020858851546e+02 1.056343898520384528e+03 2.467773047942395806e+03 1.468495793626476143e+03 2.094107523957930539e+02 8.497055776994193366e+02 4.039604981936160470e+02 5.641068889152935526e+02 4.453105706748680677e+04 2.390144574557493252e+04 4.005196236524974211e+03 3.691999976432420681e+03 -1.432153130279256766e+04 4.955808212775218271e+04 2.523265531280752384e+03 3.038928303292125747e+03 5.558508741249794411e+02 -1.874675943332210863e+03 1.633197596449498974e+02 5.263367737802806914e+03 2.084426060348811916e+03 2.873789935351635449e+03 2.696252758775233360e+03 5.107029334688506879e+02 -1.628260219429176686e+03 -1.117057769917506588e-04 -2.441550087608510521e-03 -2.473315412765528156e-03 -5.740911060995956133e-03 2.527420891050751253e-03 -1.778771683437018305e-03 -1.744515003168413750e-03 -8.864680505756321804e-04 -2.217327114084690915e-04 2.998592281662499758e-03 2.942828432239573324e-03 3.521608585084719245e-03 -2.649720282148959952e-03
-7.599021177760191676e+03 1.359489868611914972e+04 -1.537459725151961720e+03 1.729079576241767063e+04 5.615142086137204387e+03 2.953924495669537009e+03 2.483361739656586724e+04 6.106759755513871823e+02 2.558416382606700790e+00 1.691845156566137575e+03 1.474764222724974616e+03 1.886320523682354860e+03 1.078467198035235242e+03 9.771678990991662204e+02 6.094953539709123334e+02 7.725326854235606788e+02 4.344967764433472013e+01 -1.808619295133905325e+04 2.139451984836447446e+04 -1.417696437281734507e+04 2.494207632632046443e+04 2.929511032194093332e+03 7.999581223355653492e+03 1.936387849515653943e+04 8.362569487795208261e+03 2.325117571092684102e+03 5.150079360325930793e+03 8.311345177741411590e+02 1.262479926034347272e+03 2.125160648388720347e+03 3.075731095844852916e+03 2.329132484200164072e+03 1.521756296996543597e+03 -6.880879076777818000e+02 5.587203219934621301e-04 -4.248359823909950844e-03 1.609928407019402393e-03 4.199023873938830778e-04 2.236779278457213822e-03 6.840458050507961961e-04 4.092811529934981874e-04 8.245193700397761760e-04 1.750151822683511729e-03 4.661795904923489160e-04 -5.561775857308639149e-04 2.102934731286856904e-03 -2.132948970386868478e-03
2.772974370636872209e+03 3.780186989218979079e+02 4.142933274373678614e+03 -1.243256647147420381e+03 1.811071400796586659e+03 2.971832926034315278e+03 6.106759755513871823e+02 1.698872008420223574e+04 4.460970029065432527e+02 -6.683172036493145924e+02 6.983619466737191033e+02 8.974446001916917339e+02 -2.829945187399733300e+02 -4.510062582123777020e+01 -5.151385152595267982e+02 2.614832521822764875e+02 -4.322855377336089759e+02 6.755453798832203574e+03 1.632609584054001061e+04 -1.336401288095793643e+04 -2.200553921867943063e+04 8.960041600754069805e+03 1.705687203018566606e+03 3.904206816806507049e+03 3.308820021744752739e+04 8.139450415251413915e+02 4.246532665179747141e+02 2.209450634577329311e+03 1.743601498619410449e+03 -9.781251717975277415e+01 5.765835564239922633e+02 6.105788724351186829e+02 -4.371349491315897495e+01 -1.376709823201215158e+03 7.470551024836086717e-04 -1.438066734988416046e-03 6.809831083823828434e-04 4.543306205584600119e-03 3.598018944714664706e-03 4.539274392867604702e-04 -7.043234111975562282e-04 -7.493908978625730879e-04 6.214140519793854602e-04 -1.019206086371166227e-03 -1.051544100688607151e-03 -2.415961093611925393e-03 3.483355225182326932e-04
2.640592666792014643e+04 3.347244223137150811e+02 4.951328794058842504e+03 2.165226393128578479e+02 3.183946557106979071e+03 2.774664800407105304e+03 2.558416382606700790e+00 4.460970029065432527e+02 1.349951330572522602e+04 1.582081390417706416e+03 8.168806705490642344e+02 1.589865476536714823e+03 7.064254758488203834e+02 7.531520112814098411e+02 8.728137083876235920e+02 9.062540573218839199e+02 1.140964786850910784e+01 1.808375442500389545e+04 7.742980033169025774e+03 -1.643935971682746185e+03 -3.358757472115586552e+03 7.780397386766160707e+03 -3.910907869094871785e+03 3.969575315872547435e+03 -3.334645327516828957e+02 1.178363738767426730e+04 -2.801156043544974068e+02 -5.125353000328093458e+02 1.910670063464222267e+03 1.429405386968819130e+03 1.327769034471938085e+03 1.183812355321212181e+03 -4.564370062642638004e+02 -1.729449899182754734e+03 -2.084102235742246473e-03 2.102168705164156413e-03 -2.113893384191818431e-04 2.361336091978560089e-03 1.870042370049538032e-03 1.160793519922278025e-04 1.346019555793159491e-03 1.022130624315495460e-04 2.853665131521830232e-04 -1.228960431405416677e-03 -3.444806904216845406e-03 1.544080334959940402e-03 -1.556712779682431491e-03
7.398439714000875028e+03 -1.406133633386024542e+02 3.593592055522859482e+03 7.305360458401520418e+02 3.812402421634037182e+03 4.553608020858851546e+02 1.691845156566137575e+03 -6.683172036493145924e+02 1.582081390417706416e+03 1.083068382218156330e+04 5.231343861100573349e+02 9.417330661609123581e+02 3.028082980925642573e+02 3.402584031249798500e+02 3.826911979180945309e+02 -6.906445572564197555e+00 6.598161268458412678e+02 7.395573675711585565e+03 -1.542162347180228062e+04 1.107297944392363570e+04 2.024941760504935928e+03 9.215898957408395290e+03 -3.181683447846976833e+03 -1.038590911299553454e+03 -4.901089447367223784e+02 -9.965139615652493603e+02 1.479831130923337150e+04 -3.511472402932436125e+03 1.029458707197674130e+03 -1.114215913051763067e+02 6.240096676783628027e+02 3.951016306776964484e+02 -8.371155141530506683e+01 1.039504790039921090e+03 1.169380913952240957e-03 -2.095194049851970518e-03 -4.304459509027191717e-05 5.120375973666519299e-04 3.163045379925622392e-03 1.172884091540646930e-03 -1.310683274560733077e-03 -1.054783559563525399e-03 -1.075842367370715205e-04 8.855475339927673054e-04 -9.890855301727880574e-04 -1.319454785442959440e-03 1.181420307412694287e-04
5.075497255042004326e+03 7.641016395376924265e+03 -1.166442474678210601e+03 1.535256580107092304e+03 3.396762451118559966e+03 1.056343898520384528e+03 1.474764222724974616e+03 6.983619466737191033e+02 8.168806705490642344e+02 5.231343861100573349e+02 8.781846055242071088e+03 7.742948051386317729e+02 7.673608806626942851e+02 -2.949270957875707566e+01 2.494805801933021598e+02 1.945662919146522540e+02 1.926508064963157949e+02 2.935617457318530796e+04 2.588750705463017584e+04 -9.734555322236836219e+03 5.475070496947195352e+03 -3.781138013174896059e+03 5.415052687638872158e+03 -3.457334403654710542e+01 -4.531686853480030550e+03 6.608544184682486389e+01 -5.266577721631697386e+02 6.801974853131213422e+03 8.187129727309572900e+02 -5.334714999786101544e+02 1.189373190931143654e+03 4.189424553233736219e+02 -1.977756309402755051e+02 -4.123086190250420486e+02 -1.548090389446929037e-04 -5.674768424522898128e-04 -9.182653995120906507e-04 1.471509221674008328e-03 2.225835387900753845e-03 -2.407592820616174037e-03 2.081552113397880464e-03 5.775127463484126204e-04 1.467233101586919511e-03 -1.139318687604516135e-03 1.420333971860226162e-03 1.245272821408392652e-03 -1.565291606453176210e-03
1.303284497935301442e+04 -1.497749967687168692e+03 8.326951015778799103e+01 2.539883685932996286e+03 1.607326870626115578e+03 2.467773047942395806e+03 1.886320523682354860e+03 8.974446001916917339e+02 1.589865476536714823e+03 9.417330661609123581e+02 7.742948051386317729e+02 5.169836045173989078e+03 2.759226131035273966e+02 1.368160520649479395e+02 5.431514280901030816e+02 -2.479129002349696975e+01 1.099884386232231037e+02 -8.931587774397423345e+03 -4.464381800971820667e+03 -6.955096890293691104e+03 7.288754493095320868e+03 3.368541995273975772e+03 1.803238144716546685e+03 2.468621801703241545e+03 1.914115338192565332e+03 1.531943576428448750e+03 -1.691344871518833486e+02 -1.035480096405736276e+03 5.089259147093018328e+03 -3.793203226738330613e+02 -2.340135576896564817e-01 4.900896275652045233e+02 -1.048570576321242697e+03 -1.763569121083240532e+02 -3.425348856329609804e-04 4.116254616659683566e-04 -7.932265579418302810e-04 -5.246630219741797198e-04 2.049195769586188796e-03 6.427331983381799054e-04 -1.293547171797526218e-03 1.082536050597844319e-03 4.572710882744662753e-04 1.766150566553364846e-04 -1.277170378740559095e-03 -7.865568506893836232e-04 6.712175064200815637e-05
1.233512553743102671e+03 6.606735294151800190e+03 9.238834813458045119e+02 4.790474987716587748e+03 1.741031454362549312e+03 1.468495793626476143e+03 1.078467198035235242e+03 -2.829945187399733300e+02 7.064254758488203834e+02 3.028082980925642573e+02 7.673608806626942851e+02 2.759226131035273966e+02 3.464428266043677013e+03 -2.385389547732389133e+02 1.393492303811145803e+02 3.120797446933114543e+02 8.821907549871522747e+01 -4.951751454468907468e+03 2.324872263122119875e+03 2.163961262395741869e+03 7.307699760007571058e+03 -3.041495141803549814e+03 6.760577570446548634e+02 -2.598924269299738512e+02 -2.021438753980288539e+03 8.165290357616031542e+02 -2.469315407203930022e+02 -4.105015595461090925e+02 -1.101779971202816313e+02 3.269868752291728470e+03 -3.213988390189879283e+02 7.881743449511925519e+02 2.076383613853484462e+02 -5.476705184504813673e+01 -5.138622733152042573e-04 -1.353724126269827436e-03 -2.206182189915721170e-04 1.403713445039079329e-04 1.665164397041125031e-03 -2.180139330152592540e-03 6.277699516980546996e-04 -1.075101150013398803e-03 5.036327344812340304e-04 1.236575054589390691e-03 2.374356892957734874e-04 -4.256903981158010122e-04 -2.131934659127341074e-03
3.849618592677431934e+03 1.702477256265458664e+03 3.487452699180632408e+03 4.429545312017526157e+03 -9.352017552079302050e+02 2.094107523957930539e+02 9.771678990991662204e+02 -4.510062582123777020e+01 7.531520112814098411e+02 3.402584031249798500e+02 -2.949270957875707566e+01 1.368160520649479395e+02 -2.385389547732389133e+02 3.050142921249310348e+03 3.005520233789413851e+02 1.040122767208925865e+02 3.880379558063633567e+02 7.392503063395749450e+03 -6.529863332484849536e+01 -1.948184166265668182e+03 9.749968329628980428e+03 -2.672641653936266721e+03 -3.233389974826181401e+02 1.875855265464574131e+03 5.850014574553850366e+01 2.293086465663207889e+02 -1.328215766309486980e+03 -1.415842657952751779e+03 5.870444139428100243e+02 2.701983233793707200e+02 4.379483070142941870e+03 4.759160294750158755e+02 -8.159039416921154952e+02 -1.686757771614109060e+02 -5.914961904864584783e-04 -2.554170776336820597e-04 -5.030841440824531047e-04 2.639351181473676214e-04 -5.680483652421530706e-04 3.001562151367242353e-04 3.043446289984333203e-04 -4.071681379072261274e-04 6.865301850658876107e-04 1.056880420841666696e-03 -1.367034477537394438e-03 -5.861506723567439740e-04 1.831203843522500110e-03
9.075333958975916175e+03 3.062628560425312685e+02 7.065028423316435919e+02 2.552545929129813430e+03 4.340887401530592911e+02 8.497055776994193366e+02 6.094953539709123334e+02 -5.151385152595267982e+02 8.728137083876235920e+02 3.826911979180945309e+02 2.494805801933021598e+02 5.431514280901030816e+02 1.393492303811145803e+02 3.005520233789413851e+02 2.805033782644678467e+03 2.588255974841304123e+02 2.787286161742051505e+01 1.215394756271235019e+04 -1.840155756407363469e+03 -1.573984622488362220e+03 4.606090874430858094e+03 -6.851002442503020120e+02 -1.005328617285483574e+03 1.114139119737068995e+03 2.274106982583885781e+02 1.498189128354478953e+03 -2.172064060052838613e+03 -7.477045211810462888e+01 1.239276457932973017e+03 -3.525695249564691380e+02 9.750819581508939109e+02 2.558736716441866520e+03 5.521094453386002670e+02 -3.368498685410750113e+02 -3.979124284397639127e-04 -5.232543387916869940e-04 4.314553868933114641e-04 2.127901021020143981e-04 2.970032234082265452e-04 -8.427091032544131288e-04 3.718650423988282953e-04 -1.458415786127716975e-03 -6.818995217979296510e-04 1.278987377509779172e-03 5.758812795613257873e-04 6.072561629966521197e-04 1.550734445636304344e-03
3.843250601115826157e+02 5.009214074578514555e+03 1.445944463134913576e+03 1.482766079503440324e+03 1.995552273773371553e+03 4.039604981936160470e+02 7.725326854235606788e+02 2.614832521822764875e+02 9.062540573218839199e+02 -6.906445572564197555e+00 1.945662919146522540e+02 -2.479129002349696975e+01 3.120797446933114543e+02 1.040122767208925865e+02 2.588255974841304123e+02 2.023091289562657948e+03 -1.838294943495363043e+00 7.631163503586300976e+03 8.012949543244720189e+03 -1.193080436022556796e+03 1.137925666749426625e+02 2.758765355773953615e+03 1.994336194152996086e+03 -3.028598713470386770e+02 3.869964912310622367e+02 2.564489668570240610e+03 -2.541182876613006272e+02 -1.482905557852436402e+02 4.113505109905037216e+02 7.642440645444690972e+02 5.470642720875001714e+02 3.054211220336102883e+02 2.411860273808465990e+03 -3.737798422619984535e+02 -3.769707445853503168e-04 -7.630786019949536026e-04 -2.892959709794021479e-04 3.390395095428726485e-04 -7.583072660965147795e-04 -7.431592918477394069e-04 -1.868364583962730998e-04 -8.705614204820963549e-04 2.668151600728528670e-04 -1.043814047056188662e-05 -1.106935670829123667e-03 4.066687551172400617e-04 -3.339606899694381992e-04
3.393726494987297428e+03 -3.096865043613361479e+01 -1.276367945707583658e+03 1.449137907804080896e+03 1.882858564631559659e+02 5.641068889152935526e+02 4.344967764433472013e+01 -4.322855377336089759e+02 1.140964786850910784e+01 6.598161268458412678e+02 1.926508064963157949e+02 1.099884386232231037e+02 8.821907549871522747e+01 3.880379558063633567e+02 2.787286161742051505e+01 -1.838294943495363043e+00 2.105689854023449243e+03 1.981413990917420597e+04 -2.893792192489092486e+03 1.549716265758762120e+03 2.312115930289134667e+03 -2.199539939950992903e+03 -1.286890950368368976e+03 1.274093049707285672e+03 -9.133082484951504512e+02 -2.778257067463794669e+02 2.355798519708387460e+02 9.028489193375546051e+01 -4.129103487419860699e+02 -5.718382117264478666e+02 9.014584399616868495e+02 -2.147394011022743427e+02 1.741755030055989266e+02 1.001239406429678070e+03 9.657456341433423065e-05 -7.065422759990824201e-04 -1.024489619952139927e-03 1.204167845505513387e-03 3.105267589377102991e-04 4.242721888686982345e-05 -4.671871117728338654e-04 3.079859514379987393e-04 9.176236164106769564e-04 -1.489027467199453142e-03 -2.894416097539600336e-04 -1.190731374702455256e-03 4.896858470811234643e-04
1.978027897782076616e+06 1.376069333379585296e+05 7.941044904517054965e+04 2.227327624162610155e+05 -5.892112642867377144e+04 4.453105706748680677e+04 -1.808619295133905325e+04 6.755453798832203574e+03 1.808375442500389545e+04 7.395573675711585565e+03 2.935617457318530796e+04 -8.931587774397423345e+03 -4.951751454468907468e+03 7.392503063395749450e+03 1.215394756271235019e+04 7.631163503586300976e+03 1.981413990917420597e+04 9.981262466316195205e+06 2.215247166843738232e+05 2.300843320212633698e+05 2.979115601998492493e+05 -4.272896632285335363e+04 1.107240738769602322e+05 1.853916540296795138e+05 1.322968842501770814e+04 -1.091340912699230103e+04 7.305342765383938968e+04 2.534644614472439571e+04 2.398998956924593585e+04 -2.822370254377729361e+04 6.928305095356337551e+04 4.577227231305000896e+04 1.961595915510012856e+04 4.590028738200877706e+04 -2.495613819985605109e-02 -2.687785915071741472e-02 2.682753199978609934e-02 7.139226624981707958e-02 -7.478375430477066099e-02 -2.529652112644463838e-02 -9.981029213732353633e-03 -8.832760707834089176e-02 2.223241718760997007e-02 -3.477462445095345911e-02 9.119715587156138059e-02 -6.452444546286625199e-04 2.540928563962221130e-03
1.528450300799442339e+05 5.867175611877138726e+05 -2.553623550305121171e+04 1.447121904892597195e+04 -2.150904897785815774e+04 2.390144574557493252e+04 2.139451984836447446e+04 1.632609584054001061e+04 7.742980033169025774e+03 -1.542162347180228062e+04 2.588750705463017584e+04 -4.464381800971820667e+03 2.324872263122119875e+03 -6.529863332484849536e+01 -1.840155756407363469e+03 8.012949543244720189e+03 -2.893792192489092486e+03 2.215247166843738232e+05 2.638439048987482209e+06 -1.090183892628606118e+05 2.125828253193841374e+05 -1.345428648194636917e+05 -5.238452711502233797e+03 8.449009099273933680e+04 -1.773968405497475396e+04 2.076486901201889850e+04 -4.735401021880610642e+04 5.062118506281464215e+04 1.609184094699785965e+04 -1.032934566022335639e+04 1.068340203527250196e+04 -6.064028776838353224e+03 1.930996560518078468e+03 -1.612778080276069204e+03 -4.148217003045871765e-03 -5.076637536467982353e-02 6.020472053033763815e-03 -1.844612286497054540e-02 2.569689897580475658e-03 3.933901307382328856e-03 -2.760250395957266831e-02 6.260737982531430941e-03 2.287182156262478408e-02 2.888508618009110254e-02 2.467667390578338893e-02 2.700562309390947859e-03 -4.611528359330989424e-02
4.106003444889417005e+04 -5.230903403233141580e+04 1.209830876442958106e+05 -1.027755499093231447e+04 -8.510905925410241252e+03 4.005196236524974211e+03 -1.417696437281734507e+04 -1.336401288095793643e+04 -1.643935971682746185e+03 1.107297944392363570e+04 -9.734555322236836219e+03 -6.955096890293691104e+03 2.163961262395741869e+03 -1.948184166265668182e+03 -1.573984622488362220e+03 -1.193080436022556796e+03 1.549716265758762120e+03 2.300843320212633698e+05 -1.090183892628606118e+05 1.368769362714001909e+06 6.693571208588480658e+04 -9.542336331558579695e+04 8.806181859716484905e+04 1.680142661093069546e+04 -5.179495217061512449e+03 1.174299553003177607e+04 2.232378319929007557e+04 -3.168521774120620103e+04 -2.151966487343990229e+04 -1.263116725176622140e+03 -1.200137870324115647e+04 -2.309839222499945390e+04 6.197791190368548087e+03 -2.392640253661606948e+03 1.384232906793017755e-02 -1.755803648561754526e-02 6.081925803808114648e-04 -3.202750567911612570e-03 -7.838990864146562574e-04 -1.085233833527337981e-02 -6.309686402734808290e-03 -7.015600844452388532e-03 -8.674723854707853607e-03 -3.190113354176953714e-02 1.771383354910185254e-02 -5.562520192260570796e-03 -8.182655390423125563e-02
1.670911111429072043e+05 9.251520079482966685e+04 2.589436581603623199e+04 3.061195396542693488e+05 3.921938109341660038e+03 3.691999976432420681e+03 2.494207632632046443e+04 -2.200553921867943063e+04 -3.358757472115586552e+03 2.024941760504935928e+03 5.475070496947195352e+03 7.288754493095320868e+03 7.307699760007571058e+03 9.749968329628980428e+03 4.606090874430858094e+03 1.137925666749426625e+02 2.312115930289134667e+03 2.979115601998492493e+05 2.125828253193841374e+05 6.693571208588480658e+04 1.239164165265897522e+06 -1.040783488921421085e+05 -4.141093726006279758e+04 4.743277922974439571e+04 -6.770802053565069218e+04 -9.219001082135580873e+03 1.275140806429362783e+04 1.626631288463272540e+04 -5.261590079497624174e+03 9.252428294771556466e+03 2.827145117692672284e+04 -5.718018834363763744e+03 -1.774245379986165062e+04 2.808717642599102419e+03 -2.335205905350751579e-02 -2.627867978373929839e-02 -2.035821832145112524e-03 1.246803181962082181e-02 -1.732417893468889136e-02 -3.381301233036491938e-02 1.107818861474291552e-02 2.222157794161814214e-03 -1.740036357695499449e-03 1.393207563443061257e-02 2.022857763248375046e-02 1.409244211702380747e-02 2.077586324666125597e-02
-5.171985525374355348e+04 -3.870317172080210730e+04 2.922003049262674904e+04 -4.506021282511629397e+04 1.091087355961961875e+05 -1.432153130279256766e+04 2.929511032194093332e+03 8.960041600754069805e+03 7.780397386766160707e+03 9.215898957408395290e+03 -3.781138013174896059e+03 3.368541995273975772e+03 -3.041495141803549814e+03 -2.672641653936266721e+03 -6.851002442503020120e+02 2.758765355773953615e+03 -2.199539939950992903e+03 -4.272896632285335363e+04 -1.345428648194636917e+05 -9.542336331558579695e+04 -1.040783488921421085e+05 5.015716901391536230e+05 -4.607906047829346062e+04 -8.198455253428884362e+02 1.939366162444907968e+04 1.481193400226700578e+04 1.073835975809209594e+04 -7.645707171018575536e+03 8.034011191475189662e+03 1.390103995907881472e+04 -3.771600381043755533e+03 -3.723803096032437224e+03 6.263097465177282174e+03 3.329170814628131211e+03 2.730658618462943141e-03 2.290626253550894983e-02 4.225712051670659462e-03 -5.131821256637767413e-03 -1.110890179154227055e-03 2.830621785845552872e-03 -4.443496759864755223e-03 -1.821512092199226726e-03 5.142746088740181125e-03 -1.758961426306639847e-02 -1.039453268804874791e-02 1.025072748283951778e-02 -1.224351539382309041e-02
-1.128879945019923071e+04 -2.924120988613679583e+04 7.973389043329172637e+03 -1.006003395295457813e+04 -7.495902790204467010e+02 4.955808212775218271e+04 7.999581223355653492e+03 1.705687203018566606e+03 -3.910907869094871785e+03 -3.181683447846976833e+03 5.415052687638872158e+03 1.803238144716546685e+03 6.760577570446548634e+02 -3.233389974826181401e+02 -1.005328617285483574e+03 1.994336194152996086e+03 -1.286890950368368976e+03 1.107240738769602322e+05 -5.238452711502233797e+03 8.806181859716484905e+04 -4.141093726006279758e+04 -4.607906047829346062e+04 3.026565860955095850e+05 1.731380041043039455e+03 -1.182731121610962691e+04 -1.641254844275418463e+03 -3.054288805936571862e+03 -1.691419248189115024e+04 2.919783436601964240e+03 1.725388133356988192e+03 4.687280617041456026e+02 3.134190477516893679e+03 5.804147430643483858e+03 -1.526756825577310110e+03 -1.687851059540328158e-03 4.650482732775702149e-03 -4.626455811648813067e-03 -1.042207914989922921e-02 -1.125373799271869174e-02 -9.729333324367081537e-03 -2.135533884251976985e-03 1.912407578816179314e-03 -8.466341337231847106e-03 -3.104304195301486793e-03 1.716631282196425662e-02 -4.971438628641027153e-03 1.906901015989852797e-03
1.197676029549746818e+04 1.725280541658477887e+04 1.508014064158261499e+04 1.830232574534623927e+04 -3.873307455097004549e+03 2.523265531280752384e+03 1.936387849515653943e+04 3.904206816806507049e+03 3.969575315872547435e+03 -1.038590911299553454e+03 -3.457334403654710542e+01 2.468621801703241545e+03 -2.598924269299738512e+02 1.875855265464574131e+03 1.114139119737068995e+03 -3.028598713470386770e+02 1.274093049707285672e+03 1.853916540296795138e+05 8.449009099273933680e+04 1.680142661093069546e+04 4.743277922974439571e+04 -8.198455253428884362e+02 1.731380041043039455e+03 1.553098589891632146e+05 1.412376671526274913e+04 1.039491705166147585e+04 -1.107828088505720552e+04 8.555674869135273184e+03 4.774225004519025788e+03 1.920868805908795366e+03 7.275398524145459305e+03 3.414785514501606031e+03 3.978891723961970911e+03 2.115018570836878098e+03 -2.114314539305741075e-03 1.655153463567246575e-03 4.809904566002503267e-04 8.744239245570646288e-03 -9.349877869110342216e-03 2.073260090037350352e-03 -8.485247718190069496e-03 5.111593967451166266e-03 -7.259801967389399027e-04 -8.085546745136560839e-03 -8.144350940827238886e-03 -8.185336541759322820e-03 1.933637243421684705e-03
1.023442608978795943e+04 -1.560634332279125556e+04 -4.343927797772686063e+03 -7.111394227383540965e+03 -2.846983606643341318e+03 3.038928303292125747e+03 8.362569487795208261e+03 3.308820021744752739e+04 -3.334645327516828957e+02 -4.901089447367223784e+02 -4.531686853480030550e+03 1.914115338192565332e+03 -2.021438753980288539e+03 5.850014574553850366e+01 2.274106982583885781e+02 3.869964912310622367e+02 -9.133082484951504512e+02 1.322968842501770814e+04 -1.773968405497475396e+04 -5.179495217061512449e+03 -6.770802053565069218e+04 1.939366162444907968e+04 -1.182731121610962691e+04 1.412376671526274913e+04 1.628656771837998531e+05 6.099613339105730120e+03 1.135598174071902577e+03 1.164741497058070763e+03 7.732487433757059989e+03 -1.338718548886345161e+03 -5.519962973727371036e+02 2.121218117071478446e+03 1.575052864031871877e+03 -2.167110290181118671e+03 4.938380682803941019e-03 -6.459924405434027198e-03 5.077493221762922025e-03 7.108781130267556939e-03 9.948744947577482442e-03 3.508937619527829812e-03 -2.042432857891608939e-05 -3.748486521097475592e-03 -9.708835776376758316e-04 -4.582302151378038479e-03 -8.106518551976492348e-03 -9.043658846134370460e-03 1.882228952475651198e-03
-1.373199757589507681e+04 4.750802059247323086e+03 1.930126182715710092e+04 -2.338251441629676719e+03 1.191090490276889432e+04 5.558508741249794411e+02 2.325117571092684102e+03 8.139450415251413915e+02 1.178363738767426730e+04 -9.965139615652493603e+02 6.608544184682486389e+01 1.531943576428448750e+03 8.165290357616031542e+02 2.293086465663207889e+02 1.498189128354478953e+03 2.564489668570240610e+03 -2.778257067463794669e+02 -1.091340912699230103e+04 2.076486901201889850e+04 1.174299553003177607e+04 -9.219001082135580873e+03 1.481193400226700578e+04 -1.641254844275418463e+03 1.039491705166147585e+04 6.099613339105730120e+03 8.626439648554389714e+04 -9.388261160823742102e+03 -4.533030988391250503e+03 -1.612366463062823186e+03 4.152570204364344136e+03 5.419986714109822969e+03 4.793729304096528722e+03 2.885999141080049867e+03 4.501832589337856660e+01 -3.416432153154701657e-03 6.102053655364152347e-03 7.198494627429987032e-04 7.235434735293452650e-03 8.409640177381731609e-04 2.206896289579122258e-03 1.095880215180214390e-03 -5.453304274500790985e-03 5.010338938571078093e-04 2.616534058245239582e-03 -6.203622750070460386e-03 -1.753755378607480941e-03 -6.967663757898736633e-03
-1.375438351550221887e+04 -4.406223627955668235e+03 -1.941727221894145487e+03 1.553230093320828018e+04 -2.133641976617160708e+03 -1.874675943332210863e+03 5.150079360325930793e+03 4.246532665179747141e+02 -2.801156043544974068e+02 1.479831130923337150e+04 -5.266577721631697386e+02 -1.691344871518833486e+02 -2.469315407203930022e+02 -1.328215766309486980e+03 -2.172064060052838613e+03 -2.541182876613006272e+02 2.355798519708387460e+02 7.305342765383938968e+04 -4.735401021880610642e+04 2.232378319929007557e+04 1.275140806429362783e+04 1.073835975809209594e+04 -3.054288805936571862e+03 -1.107828088505720552e+04 1.135598174071902577e+03 -9.388261160823742102e+03 9.756027707039369852e+04 -4.904315010521094337e+03 1.182763503208258953e+03 5.725698323972759681e+03 -2.665861766289061961e+03 -1.189562493031254007e+03 1.178010609881108621e+03 3.713481810085291272e+03 3.260672272868454010e-03 -5.578885800931421453e-03 -1.936002841744847471e-03 -2.707805837170959595e-04 -2.089687273941287851e-03 -2.428847757687473510e-04 -6.502496398357717443e-03 -1.098590676313705326e-03 -4.814752257728456900e-03 3.046732608530275995e-03 1.900350586776863079e-03 -9.703290497769054973e-03 2.164991030706615426e-03
-1.779328059161264900e+04 2.027362182884514186e+04 5.094795972095872457e+03 -2.197684090857694628e+03 1.392056106936717697e+03 1.633197596449498974e+02 8.311345177741411590e+02 2.209450634577329311e+03 -5.125353000328093458e+02 -3.511472402932436125e+03 6.801974853131213422e+03 -1.035480096405736276e+03 -4.105015595461090925e+02 -1.415842657952751779e+03 -7.477045211810462888e+01 -1.482905557852436402e+02 9.028489193375546051e+01 2.534644614472439571e+04 5.062118506281464215e+04 -3.168521774120620103e+04 1.626631288463272540e+04 -7.645707171018575536e+03 -1.691419248189115024e+04 8.555674869135273184e+03 1.164741497058070763e+03 -4.533030988391250503e+03 -4.904315010521094337e+03 4.555021696997792606e+04 -2.908963077906153671e+02 -2.802390478960551263e+03 -1.438339844938783926e+03 5.264655953275021147e+02 7.974157277770558494e+01 -6.962847592417489295e+02 1.693023593260073705e-04 -5.236217809661296817e-03 1.756666874285089898e-03 1.444613540778581394e-03 1.798228703468625605e-03 -2.310461840939177867e-03 -3.026004491486664841e-03 4.965083251998094610e-03 -7.405207848593931257e-04 1.327465566994412470e-03 -1.619147034272693225e-03 -2.484095097985535776e-04 2.136668641909433147e-03
3.818667830294977466e+04 -9.364964081101077227e+02 -1.562722049025450133e+02 6.498833336922180024e+03 2.435775228029446225e+03 5.263367737802806914e+03 1.262479926034347272e+03 1.743601498619410449e+03 1.910670063464222267e+03 1.029458707197674130e+03 8.187129727309572900e+02 5.089259147093018328e+03 -1.101779971202816313e+02 5.870444139428100243e+02 1.239276457932973017e+03 4.113505109905037216e+02 -4.129103487419860699e+02 2.398998956924593585e+04 1.609184094699785965e+04 -2.151966487343990229e+04 -5.261590079497624174e+03 8.034011191475189662e+03 2.919783436601964240e+03 4.774225004519025788e+03 7.732487433757059989e+03 -1.612366463062823186e+03 1.182763503208258953e+03 -2.908963077906153671e+02 3.073060072775562367e+04 1.778490020651534223e+03 3.852135687703421809e+03 2.918017018188279508e+03 -4.078307788398878415e+02 1.310800970362461612e+03 -7.328001516393381617e-04 2.321951340814086908e-04 2.310760072443164993e-03 7.323448777184655154e-04 1.877917334757887640e-03 1.146365098161022353e-04 1.179628368360555765e-04 -2.855584393308578835e-03 1.358710653478903104e-03 9.797147894300892428e-04 -2.384290639769702774e-04 -1.193880453056569285e-03 7.736040297482905947e-03
9.030108376271269663e+03 6.029260557588827396e+02 1.544398487368374163e+03 4.212784472200071832e+03 3.086890566252187909e+03 2.084426060348811916e+03 2.125160648388720347e+03 -9.781251717975277415e+01 1.429405386968819130e+03 -1.114215913051763067e+02 -5.334714999786101544e+02 -3.793203226738330613e+02 3.269868752291728470e+03 2.701983233793707200e+02 -3.525695249564691380e+02 7.642440645444690972e+02 -5.718382117264478666e+02 -2.822370254377729361e+04 -1.032934566022335639e+04 -1.263116725176622140e+03 9.252428294771556466e+03 1.390103995907881472e+04 1.725388133356988192e+03 1.920868805908795366e+03 -1.338718548886345161e+03 4.152570204364344136e+03 5.725698323972759681e+03 -2.802390478960551263e+03 1.778490020651534223e+03 2.321146286655213407e+04 2.230865957275535948e+03 1.199650613150666913e+03 5.470439275746158501e+02 1.736828132124178865e+03 4.744773361324724462e-04 -2.197757455708289340e-05 2.183248158665560554e-04 -3.793409845736604312e-04 -6.958668198422802813e-04 -8.236969138400619542e-04 1.825171480080977791e-03 -1.447862222749438099e-03 -7.178441741240228517e-04 1.874796497076048913e-03 -3.517628043734658764e-04 -1.351591039487123067e-03 3.230995675242090501e-03
2.631105592533663730e+04 1.049093735059114579e+03 3.896251664075995905e+03 9.982607567906841723e+03 3.373995811889244123e+03 2.873789935351635449e+03 3.075731095844852916e+03 5.765835564239922633e+02 1.327769034471938085e+03 6.240096676783628027e+02 1.189373190931143654e+03 -2.340135576896564817e-01 -3.213988390189879283e+02 4.379483070142941870e+03 9.750819581508939109e+02 5.470642720875001714e+02 9.014584399616868495e+02 6.928305095356337551e+04 1.068340203527250196e+04 -1.200137870324115647e+04 2.827145117692672284e+04 -3.771600381043755533e+03 4.687280617041456026e+02 7.275398524145459305e+03 -5.519962973727371036e+02 5.419986714109822969e+03 -2.665861766289061961e+03 -1.438339844938783926e+03 3.852135687703421809e+03 2.230865957275535948e+03 2.327419971800866551e+04 2.060238189177703134e+03 -1.754110825757333942e+03 1.572762957990067321e+02 6.569990486946533604e-04 -4.465680195279315805e-03 -2.850125199829527285e-03 8.021054739977247564e-05 -8.614157100427382880e-04 1.126654017937036558e-03 1.069255211804322420e-03 -3.184772466320285548e-03 1.559143431413024042e-03 4.934031087056868839e-03 -2.229251110973056935e-03 4.945484730589869843e-04 -2.860208306555016874e-04
1.953425570142620927e+04 6.766240333435227512e+03 1.885418233677515218e+03 6.564651648050034964e+03 -2.312117437516434165e+03 2.696252758775233360e+03 2.329132484200164072e+03 6.105788724351186829e+02 1.183812355321212181e+03 3.951016306776964484e+02 4.189424553233736219e+02 4.900896275652045233e+02 7.881743449511925519e+02 4.759160294750158755e+02 2.558736716441866520e+03 3.054211220336102883e+02 -2.147394011022743427e+02 4.577227231305000896e+04 -6.064028776838353224e+03 -2.309839222499945390e+04 -5.718018834363763744e+03 -3.723803096032437224e+03 3.134190477516893679e+03 3.414785514501606031e+03 2.121218117071478446e+03 4.793729304096528722e+03 -1.189562493031254007e+03 5.264655953275021147e+02 2.918017018188279508e+03 1.199650613150666913e+03 2.060238189177703134e+03 1.644585093477484043e+04 1.726607163835563597e+03 4.424268118884166938e+02 -1.641129574757761202e-03 -2.815157375155819593e-03 2.549428528788642932e-03 1.940412655531642940e-03 5.652407902329999699e-04 -9.015291465260421482e-04 -1.695022802148940446e-04 -2.456166876383852286e-03 -1.316171761309025247e-03 2.970366112591061800e-03 1.027520706524836684e-04 -1.236621677569321644e-03 2.030643101400523339e-03
-1.083130534597843871e+04 8.264316591054008313e+03 9.522891906552076762e+02 -6.202187017781102440e+02 2.420899084195952582e+03 5.107029334688506879e+02 1.521756296996543597e+03 -4.371349491315897495e+01 -4.564370062642638004e+02 -8.371155141530506683e+01 -1.977756309402755051e+02 -1.048570576321242697e+03 2.076383613853484462e+02 -8.159039416921154952e+02 5.521094453386002670e+02 2.411860273808465990e+03 1.741755030055989266e+02 1.961595915510012856e+04 1.930996560518078468e+03 6.197791190368548087e+03 -1.774245379986165062e+04 6.263097465177282174e+03 5.804147430643483858e+03 3.978891723961970911e+03 1.575052864031871877e+03 2.885999141080049867e+03 1.178010609881108621e+03 7.974157277770558494e+01 -4.078307788398878415e+02 5.470439275746158501e+02 -1.754110825757333942e+03 1.726607163835563597e+03 1.315331055764495795e+04 1.344839470606841132e+03 -1.385880771683748076e-03 -3.700916594003111730e-04 -1.847173209749140930e-03 2.258308511960853209e-04 -3.047826135901007035e-03 9.197987601480837926e-04 -1.977624149625771663e-04 -1.296906060583231804e-03 -5.260351404112515285e-04 -7.622504114643409131e-04 2.165183463479545645e-04 -3.614537942587535500e-03 -2.006620659251059750e-03
