# Covariance of P0, P2, Cl^gk at z = 1.80
# (47,47) matrix
# index 1-17: P0, k = [0.04 0.05 0.06 0.07 0.08 0.09 0.1 0.11 0.12 0.13 0.14 0.15 0.16 0.17 0.18 0.19 0.2]
# index 18-34: P2, k = [0.04 0.05 0.06 0.07 0.08 0.09 0.1 0.11 0.12 0.13 0.14 0.15 0.16 0.17 0.18 0.19 0.2]
4.739379692696827115e+05 7.944506758695447388e+03 2.370214757502796601e+03 -1.293298355933323000e+04 9.033522426770530728e+03 8.920413197648476853e+03 -5.209574573978886747e+02 2.199769123906742436e+02 -1.806826943790324549e+03 2.509402807081507660e+02 -3.135837657274349112e+03 -8.955310913577262681e+02 -1.728731736411695010e+03 3.430596889722226024e+03 2.753993411227526849e+03 -3.363410056534342857e+03 -1.573204771574845154e+03 4.100138239754030947e+05 -2.353994002061459832e+04 -5.888994439330035675e+04 6.229695142264530659e+03 1.607308466263319497e+04 -1.322504843400135724e+04 -1.330885198577803749e+04 -7.178767815632066231e+03 -6.486787322166960621e+03 5.930438433348091166e+03 -1.643520246087373744e+04 7.122737160849930660e+03 -1.233855344956695035e+03 1.353955560900324235e+04 5.212134133806867794e+03 -9.669819640805154677e+02 -1.386933133215640510e+03 -2.802661937461977965e-03 -9.765061404473604142e-03 1.799776183444717643e-03 4.878108712270605267e-03 1.042487518448673330e-02 -2.857124208055863718e-04 -2.842311984569140769e-03 1.738111531297919371e-02 9.515473170886549689e-03 -1.867800215715558973e-02 -1.433210849708995956e-03 -6.749262919291848170e-03 1.019899583278293005e-02
7.944506758695447388e+03 1.608849200857050018e+05 -6.484685360745955222e+03 -1.065186068427005466e+03 8.308727500399656492e+03 -6.110342450672315863e+03 -3.822594862086882586e+03 1.135566795789648495e+03 -2.534782327413702660e+03 -2.693686806050608538e+03 2.844591569335663280e+03 -1.981616815167604727e+03 3.255359765830931337e+03 1.561098806270356363e+02 -3.678307238878480803e+02 -1.255258446586555465e+03 8.687738183228460684e+02 2.537661366921580338e+04 1.746146237333519675e+05 -4.906535168299066754e+03 -1.461944183240246639e+04 1.028971616416722281e+04 -1.604758451800473495e+03 1.217730984432562400e+04 -2.341340668213646950e+03 -2.636378311019680496e+03 1.388638425236530338e+02 9.923357058682817296e+03 1.343634488365735479e+03 5.902348328137372846e+03 -1.419145684214749281e+03 -9.839460644870678152e+02 4.535312890366057218e+03 2.051966938569537433e+03 -2.300597875368503090e-03 -4.126778732957516078e-03 -2.873544049496516272e-03 -4.657949837701339489e-03 5.009689324655834664e-03 -8.554826235809265527e-04 5.285569426301102436e-03 6.303594593903350148e-03 5.486849667670024543e-03 -5.622243021541285107e-03 -5.187506170903981653e-03 1.065442174147058531e-02 6.033285720644961450e-03
2.370214757502796601e+03 -6.484685360745955222e+03 7.363322848144633463e+04 8.564963328993222603e+03 -2.376682314395816320e+03 3.345150001562583839e+03 1.245741442500518815e+03 -8.179341059068480035e+01 1.535900631834972046e+03 1.107686302420572702e+03 2.790089141452681361e+03 1.480513389172333518e+03 6.576138276774792075e+02 -3.245792059122156843e+02 1.241545481152721095e+03 4.266510631175086132e+02 1.349129669625145027e+02 -8.746986669717820769e+04 -1.030304149299058008e+04 9.051212656495346164e+04 6.459029977868530295e+03 -5.274728039517660363e+03 3.011103323717536568e+03 -2.872156142172481850e+03 -2.188644232399957161e+02 5.947479823833797354e+02 -2.480767720697799177e+03 -2.185852257999716130e+03 -9.896501176846725230e+02 1.640030010583183639e+03 -1.909466304468593023e+02 1.220972931436260069e+03 -6.097098036949606694e+02 -8.938429910633860800e+02 2.169011292412788684e-04 1.659164098977360894e-03 1.748843673198750143e-03 2.567154917093357729e-03 -6.189181802663239890e-03 1.164270350762081508e-03 4.924355838014750526e-03 -1.219446283430314273e-03 7.061616523447374581e-03 2.086852285940024847e-03 4.969828014987628245e-03 3.715787060954598917e-03 -5.908978999212139739e-03
-1.293298355933323000e+04 -1.065186068427005466e+03 8.564963328993222603e+03 4.585437603524444421e+04 -5.905912948150985642e+01 4.251870316310208182e+03 -7.552743985791482828e+02 1.536370420814873569e+03 2.422913625596546808e+03 1.280528602548898562e+03 1.091768724064319713e+03 9.828171508516167023e+02 4.459428419099659209e+02 -8.066619088907229980e+02 1.854591598376657430e+03 1.700514618248868373e+03 6.612699202942563943e+02 -3.997865265062169055e+04 -1.283489205883653995e+04 1.594723152212814966e+04 2.148445094734623126e+04 -2.704058856264875430e+03 9.670828493349765267e+03 -2.952243388137209877e+03 -2.852781179783777588e+03 3.003020126412702666e+03 -3.378426371138048125e+03 5.132026329632605666e+03 2.806037835520166936e+03 3.070086877935500070e+03 -2.827716608201067174e+02 1.623716810234215473e+03 -2.670211886758581272e+02 -5.135663885981838348e+02 -1.785478883324096496e-05 -1.250067544685703330e-03 1.079002821290803507e-03 6.323711602837638621e-04 -8.064744819674207841e-04 -3.325114371437162385e-03 -3.777933138416759637e-03 -1.774615875431425705e-03 -5.219256835106841561e-03 -1.982090753557545076e-03 -2.330053990790555835e-03 5.597347934997238400e-03 -1.565103360825379972e-02
9.033522426770530728e+03 8.308727500399656492e+03 -2.376682314395816320e+03 -5.905912948150985642e+01 3.177429823676584783e+04 5.726585643937252144e+02 1.221019548188230146e+03 2.652083823692119040e+02 1.693475229181342229e+03 5.050095417515068448e+02 5.276137403821292082e+02 1.052798575538104160e+02 1.769798685869413021e+03 8.093117494152064637e+02 5.639952565889196876e+02 1.249795528524082556e+03 1.437240743510741595e+03 4.161541230147496390e+04 1.491924405754232794e+04 -7.161133283032497275e+03 1.634994076509191018e+03 4.770229050570387335e+04 1.535144248707465067e+03 3.700915793806520924e+03 -1.417510102809770160e+03 9.328712436695226415e+02 -1.414948124739286868e+03 -9.285111176746902402e+02 -1.043883819085280493e+03 1.680317509854988884e+02 -2.069783080986363188e+02 1.774070354951862782e+03 1.933438156410088823e+03 9.856542734285416145e+02 1.439993989275841673e-03 -3.731945440659477625e-03 2.425580814592559736e-03 -4.294682365116739980e-03 -1.859844291692589174e-03 2.812080547657429177e-03 -6.187397707982535524e-04 -1.056051901926647425e-03 -1.069595916726565977e-03 -4.610797019254375684e-03 2.538920778084539573e-03 6.331152365999293853e-04 2.470914670807657955e-03
8.920413197648476853e+03 -6.110342450672315863e+03 3.345150001562583839e+03 4.251870316310208182e+03 5.726585643937252144e+02 1.993335507200048596e+04 2.723617834804752533e+02 1.306648585849288565e+03 1.731946212065947520e+03 7.447688441948160971e+02 -3.864440790369143315e+02 1.322861367653307070e+03 -2.257814816359976078e+02 -4.159974335999601749e+02 8.444112009875326521e+02 4.067527508228487250e+02 9.677313132485428682e+00 -1.099393935857078759e+03 -2.385602113874392671e+03 -8.381049631671079624e+03 1.380763613277664444e+04 -6.623886535154326793e+01 1.593619150636350241e+04 1.956752926102290985e+03 -1.089086379480743062e+03 7.854444387881554803e+02 -7.194618479945617082e+02 1.179219014808273414e+03 5.921058581752188275e+02 3.378425215270498256e+02 1.356901431254922045e+03 7.637819657201132486e+02 -2.261641447373315543e+02 -1.868541176763524163e+02 -9.064969280211163495e-04 -1.958726411284911120e-03 -1.088331954794071360e-04 -2.970185708317786121e-03 -3.334872394141124262e-03 -3.008751115956358711e-03 1.337285975287573698e-03 2.638860892242239419e-06 -7.874994852368307407e-04 6.804584784098320367e-04 -3.309918074840672957e-03 3.510111458109783835e-03 -6.528804785337646507e-03
-5.209574573978886747e+02 -3.822594862086882586e+03 1.245741442500518815e+03 -7.552743985791482828e+02 1.221019548188230146e+03 2.723617834804752533e+02 1.187066540363348395e+04 -8.238569748624948943e+02 -4.130659431125340575e+02 4.172954057541326733e+02 2.585562603636790868e+02 3.988358643621807005e+02 3.561419710733305806e+02 2.411897748618180515e+02 3.263927212422011053e+02 -2.037728452752638759e+02 6.497815316389528562e+01 -5.108738738340362033e+02 1.675775082076443823e+03 -5.673980356176780333e+03 1.419492914980547994e+03 2.960586249124819915e+03 1.278454114033290807e+02 1.143469419868877776e+04 -3.900829441181665516e+03 6.973887853704172812e+02 1.676031992105754625e+03 -8.673803105322840565e+02 -1.006032434134753203e+03 -2.538961104265888196e+02 1.720307983999708199e+02 5.617353236115243362e+02 -1.330636436545059269e+03 -6.358018962700303973e+02 -3.717158416183798065e-04 2.403046850574509959e-03 1.634524705776774743e-03 4.952593439855321796e-04 4.359767076409896708e-04 6.415377346318884913e-04 1.498312336351558275e-04 3.727339919800773285e-04 -5.731702339560918206e-04 -5.445881654529453279e-04 5.654042121155542812e-03 -2.421152859458864087e-03 1.124752021156341566e-03
2.199769123906742436e+02 1.135566795789648495e+03 -8.179341059068480035e+01 1.536370420814873569e+03 2.652083823692119040e+02 1.306648585849288565e+03 -8.238569748624948943e+02 6.740842793471664663e+03 4.195307443846587034e+02 3.911040515497779779e+02 1.339903215425919214e+01 4.592364274781409108e+02 -2.112953520738991813e+02 1.383684227097325703e+01 -4.748270269681102462e+01 4.537763463783140310e+02 3.122505009130216536e+02 -6.222710740987716235e+03 2.626013147726422631e+03 -3.214578659805219559e+03 3.303226468802533418e+03 9.251039416722770170e+01 5.855855165147499974e+03 -9.943557144241589185e+02 6.505881151452974336e+03 1.499462581645934961e+03 1.347027231968945216e+03 -2.884644538310934649e+02 1.530182686499248121e+03 3.663437015416399163e+02 -1.590813038857270989e+01 4.954149225025464034e+02 9.341610765034922679e+02 6.161647342953417592e+02 8.879940986291047977e-04 -7.217300585413091328e-04 -9.997281715251810015e-06 -1.466577112480027187e-03 -9.259064056087136030e-04 -1.925686977567134250e-03 -5.316117285620749035e-04 1.205343588822605687e-03 -3.982173111491635895e-04 -1.816722566118839522e-03 -6.280129248973365108e-04 -7.503425150898190843e-04 -7.703356399295832038e-04
-1.806826943790324549e+03 -2.534782327413702660e+03 1.535900631834972046e+03 2.422913625596546808e+03 1.693475229181342229e+03 1.731946212065947520e+03 -4.130659431125340575e+02 4.195307443846587034e+02 6.027255791520311504e+03 4.932762315304867116e+02 1.974382513970534774e+02 4.875926963109543522e+02 9.892083148635711609e+01 2.704464517337772023e+01 4.934832530831508848e+02 5.451845959526934848e+02 -1.059262208128342309e+02 -3.784307107145717509e+03 8.991771068903393598e+02 -8.512526003270850197e+03 -6.023972880199663678e+02 2.675103959124189714e+03 1.519286271283690667e+03 3.717743850778436467e+02 -2.244661541443967963e+02 4.289280975957513874e+03 -9.284180753510449904e+02 1.904447405919661605e+03 -4.979111930759781899e+02 -1.550971706378436465e+02 1.272137370106806202e+03 4.431074838223004235e+02 -8.967131004428828822e-01 -7.459388790932222264e+02 8.077676371957107256e-04 7.617318625261414134e-04 1.576737568526889559e-03 -2.567115494141119104e-03 -1.791627863115767289e-03 1.318303126834122251e-03 5.906815419243005919e-04 -1.690857852641723972e-03 1.383628416970225303e-03 1.669001986044987436e-05 1.972889023750995768e-03 -3.388124885224754238e-04 -1.526545866627885151e-03
2.509402807081507660e+02 -2.693686806050608538e+03 1.107686302420572702e+03 1.280528602548898562e+03 5.050095417515068448e+02 7.447688441948160971e+02 4.172954057541326733e+02 3.911040515497779779e+02 4.932762315304867116e+02 3.987688581342896669e+03 1.705526839270228265e+02 3.154511152372224387e+02 3.526165083038197849e+02 -7.963554346366100845e+01 -5.506956685511970306e+01 5.436733615067436176e+02 2.479270401155949344e+02 -1.712321732780510501e+04 7.463707169786013651e+01 -3.617205740233460347e+03 -3.335102248628110829e+03 7.791881868880954016e+02 2.757476110153190234e+02 7.459826584561379832e+02 -1.096464900452998108e+03 -7.748835167273502122e+01 2.093022290766678907e+03 5.795552367768975728e+02 1.292318315579734929e+02 -4.327338513109436491e+01 6.420888325086814064e+01 -3.445827028956863387e+02 -8.042349504475750166e+01 -4.119915526051329948e+02 -3.319933837591512922e-04 3.228527134840797515e-04 1.463883582394892319e-03 -8.556561270199177990e-04 5.285837897740263466e-04 -2.413219102630414993e-04 -3.823964172262159407e-04 -7.922489476457102294e-04 2.120801644863235576e-03 -6.532931544314406116e-04 4.210762797051932431e-04 -1.610368178555263282e-03 -3.047939154388590397e-03
-3.135837657274349112e+03 2.844591569335663280e+03 2.790089141452681361e+03 1.091768724064319713e+03 5.276137403821292082e+02 -3.864440790369143315e+02 2.585562603636790868e+02 1.339903215425919214e+01 1.974382513970534774e+02 1.705526839270228265e+02 3.996287326260677219e+03 -1.237037852460759240e+02 5.109872618256426904e+02 2.437066173501275159e+02 2.411332283859971710e+02 2.322345909566307114e+02 2.838931404790009765e+02 -1.673345556602532815e+04 1.492545937188963535e+03 2.098685294152656127e+02 7.253550788016437991e+02 1.736153619833880384e+03 1.638900943023405034e+03 1.298856052322532832e+03 -2.510854425011904709e+02 5.889110051880048786e+02 -8.007990771167073945e+02 4.458842516990597687e+03 5.779408818844902953e+02 -2.343123019893359782e+01 -6.221644280240373348e+01 4.066939653714386509e+02 4.981581427396527033e+02 -7.757138331697555600e+01 -2.944596117091888982e-04 4.297922706519741610e-04 -4.644394918507484737e-04 -8.997137026103741884e-04 -1.026638942297724731e-03 -1.840830222373937629e-04 5.632952024466827967e-04 5.585620619244548992e-04 1.068883376983966902e-03 -4.135267724813372495e-04 8.981308992594486118e-04 1.651439335974663172e-04 -3.989664256722024577e-04
-8.955310913577262681e+02 -1.981616815167604727e+03 1.480513389172333518e+03 9.828171508516167023e+02 1.052798575538104160e+02 1.322861367653307070e+03 3.988358643621807005e+02 4.592364274781409108e+02 4.875926963109543522e+02 3.154511152372224387e+02 -1.237037852460759240e+02 2.995884170457259188e+03 3.133529781803718492e+02 2.303425673183213291e+02 2.514914265533406592e+02 3.982599756328112335e+02 1.429325012428951140e+02 -1.553022204807473645e+04 -5.829556876664396441e+03 -2.183782484526398093e+03 -2.021835826668687787e+03 -3.710095851104830444e+02 1.512235127993063998e+03 -2.692323037785928364e+02 2.772135289478714526e+02 2.566129737121983112e+02 5.855798774407112433e+02 -3.622523026556984860e+02 1.283730788136102319e+03 6.032722569849809133e+02 1.660294869196713137e+02 1.260172973755881003e+02 5.005833717040287070e+02 4.187461774526722706e+02 -5.815030676789862546e-04 1.154015564047440986e-04 4.666874727399553352e-04 3.536651970644023629e-04 3.540774772518085530e-04 -1.266186063065964434e-03 3.709270302722095518e-04 5.720163593099973978e-04 -4.536333293064266897e-04 -3.373775631891512720e-04 2.456132050188382723e-04 -3.533733680331514488e-03 -3.157772939111425006e-03
-1.728731736411695010e+03 3.255359765830931337e+03 6.576138276774792075e+02 4.459428419099659209e+02 1.769798685869413021e+03 -2.257814816359976078e+02 3.561419710733305806e+02 -2.112953520738991813e+02 9.892083148635711609e+01 3.526165083038197849e+02 5.109872618256426904e+02 3.133529781803718492e+02 2.442156745045760090e+03 9.809565330200240396e+01 2.199794412864115998e+02 1.075827982052690288e+02 1.177410263796608092e+02 1.296350854114611820e+03 5.010387368394597615e+03 3.443432060260362846e+02 -2.887872168156354292e+03 3.614429405450242939e+03 -6.550843976511060873e+02 1.023459617890078334e+03 -9.167576370659322720e+02 1.109202413686476575e+03 5.028733370321176039e+02 6.816357231065467204e+02 6.837611088378063187e+02 2.193256447010276588e+03 7.951493542552351528e+02 -7.314076798581907290e+00 1.044431530524388876e+02 1.116662263984162422e+02 1.291664527725978732e-04 -4.279104063707588079e-04 3.613030003321574717e-04 7.745143107077612958e-04 6.147486318943906842e-04 -5.936476632672454783e-04 -9.350857549746875805e-04 -9.793706931641714842e-04 4.443946936748367836e-04 -6.971521591091127488e-04 -6.412122183400416299e-04 -2.646359199089545560e-04 4.675800614538060660e-04
3.430596889722226024e+03 1.561098806270356363e+02 -3.245792059122156843e+02 -8.066619088907229980e+02 8.093117494152064637e+02 -4.159974335999601749e+02 2.411897748618180515e+02 1.383684227097325703e+01 2.704464517337772023e+01 -7.963554346366100845e+01 2.437066173501275159e+02 2.303425673183213291e+02 9.809565330200240396e+01 1.968393595843436742e+03 2.874586975863922476e+02 1.031914968620018698e+02 1.859243514247380915e+02 9.401700847775178772e+03 -5.461711669838688067e+03 6.826421944630267262e+02 1.955180277827538475e+03 7.965506777913918768e+02 1.290152992855956199e+03 4.294971099418215488e+01 1.041592602672131989e+03 -6.135059720800106220e+01 4.167815819970439293e+02 -3.253655157438948891e+02 9.235537553025973239e+02 1.500610785959829343e+02 1.440809034540127868e+03 -2.616417646769405678e+02 2.877514258061691521e+02 1.671154009554948345e+02 -5.993284012209379485e-05 5.375574662401826277e-05 3.668850685847452591e-04 -2.847279191009315655e-04 8.792773480982361400e-04 1.076575365168067630e-03 -4.035925532488899865e-04 -4.225271782522374759e-04 2.471153302203870131e-04 -9.876614429084403131e-04 1.743150666205712292e-03 -1.091031871615252532e-03 2.140358105116421834e-03
2.753993411227526849e+03 -3.678307238878480803e+02 1.241545481152721095e+03 1.854591598376657430e+03 5.639952565889196876e+02 8.444112009875326521e+02 3.263927212422011053e+02 -4.748270269681102462e+01 4.934832530831508848e+02 -5.506956685511970306e+01 2.411332283859971710e+02 2.514914265533406592e+02 2.199794412864115998e+02 2.874586975863922476e+02 1.596986974251375159e+03 9.683282838478650945e+01 1.432132379842549028e+02 2.782899827256968820e+03 -9.089767833227585925e+02 -1.719001595446381998e+02 -2.122945883756886360e+03 1.918748276489164709e+03 1.116161503212153548e+03 -4.687327080552474854e+02 1.210526914506122722e+02 2.033024230240324925e+02 -3.170191779671778249e+02 5.907533099141596722e+02 6.009185444082562810e+01 2.888017398405544895e+02 -9.528870343810268650e+00 6.198838722998493722e+02 -2.535680702982054768e+01 1.679096684799858679e+02 -1.619951792938101960e-04 1.549420743926186741e-04 2.473449751226666161e-05 1.729483945864447071e-04 -1.367978079838128025e-03 -2.247300416191056751e-04 -2.495398040433817444e-04 4.629246851452049221e-04 -3.554399980865375003e-04 -4.311802491626954420e-04 4.942255456807911809e-04 1.420443954106386907e-04 -5.799840159477747531e-04
-3.363410056534342857e+03 -1.255258446586555465e+03 4.266510631175086132e+02 1.700514618248868373e+03 1.249795528524082556e+03 4.067527508228487250e+02 -2.037728452752638759e+02 4.537763463783140310e+02 5.451845959526934848e+02 5.436733615067436176e+02 2.322345909566307114e+02 3.982599756328112335e+02 1.075827982052690288e+02 1.031914968620018698e+02 9.683282838478650945e+01 1.434891249375541520e+03 2.828292536685269738e+02 -1.198083410071307662e+04 -3.513954900161062142e+03 2.628151713751174611e+03 -2.485385623827766040e+02 1.367035800654965215e+03 8.689221271481978874e+02 -3.618903882011969841e+01 3.168189075581396708e+01 5.363890578289403948e+02 4.465869685595644967e+01 7.182759077606658593e+01 1.265597984068778032e+02 1.272123173252344657e+02 3.564943534626344501e+01 -2.045964346545019552e+01 8.779558895832562939e+02 3.063741968178396178e+02 1.007400485191097515e-04 2.543609453450129069e-04 1.041426334527405587e-03 -4.961087448531882301e-04 -1.019977591004955298e-03 -1.124885793692501643e-03 6.688228647273104961e-05 -4.423471041555855762e-04 1.042360562196162523e-04 -1.054160476261925897e-03 2.728935365842548029e-04 -1.898527955874741669e-03 -2.206788731917859112e-03
-1.573204771574845154e+03 8.687738183228460684e+02 1.349129669625145027e+02 6.612699202942563943e+02 1.437240743510741595e+03 9.677313132485428682e+00 6.497815316389528562e+01 3.122505009130216536e+02 -1.059262208128342309e+02 2.479270401155949344e+02 2.838931404790009765e+02 1.429325012428951140e+02 1.177410263796608092e+02 1.859243514247380915e+02 1.432132379842549028e+02 2.828292536685269738e+02 1.208459249003510195e+03 -6.470957523905080052e+03 2.266708219309375636e+03 1.780706794880519226e+02 3.243599213466433753e+02 2.966881395222033007e+03 6.432750763051972172e+02 1.348832000328747881e+03 -6.566369287702148085e+02 2.139080470748750429e+02 1.938705317575191245e+01 2.730174795015192899e+02 2.456552442437393609e+02 1.819474110596628691e+02 2.725222307786709308e+01 -2.780851781724925686e+01 3.098416416417018127e+02 7.669596319047834641e+02 5.068908087681850937e-04 -7.075401437267519545e-04 1.991048469675432155e-04 -7.694160955005819235e-04 -8.190577910020120341e-04 -6.105981257832647285e-04 1.063544739343339488e-04 -7.388292377619805514e-04 8.271438727111881382e-05 -3.761246334056773336e-04 2.501040401124262008e-04 -1.942396665580773914e-04 -1.701888696180850591e-05
4.100138239754030947e+05 2.537661366921580338e+04 -8.746986669717820769e+04 -3.997865265062169055e+04 4.161541230147496390e+04 -1.099393935857078759e+03 -5.108738738340362033e+02 -6.222710740987716235e+03 -3.784307107145717509e+03 -1.712321732780510501e+04 -1.673345556602532815e+04 -1.553022204807473645e+04 1.296350854114611820e+03 9.401700847775178772e+03 2.782899827256968820e+03 -1.198083410071307662e+04 -6.470957523905080052e+03 4.004725265109442174e+06 2.496116471475131693e+05 -6.192997713577079412e+04 -4.404479499143485009e+04 1.120713549152462110e+04 6.367010487352195014e+03 3.264421229819063228e+04 9.255186852514381826e+03 2.553765632372245091e+04 -2.466609057509516060e+04 -9.006760991642904628e+03 1.141809464257292711e+04 3.038084802897105874e+03 1.907638406503218721e+04 -1.761567719294059088e+03 -2.360430164583794976e+04 9.319250871756170454e+03 2.213410817737820196e-02 1.747159905508446215e-02 -4.142896735100437544e-02 -1.322121537700442738e-02 4.489816399868892111e-02 -3.804445510785434831e-02 -1.849666354157645078e-03 4.412018298205980932e-02 2.280094812098139995e-02 -6.664605475914360533e-02 6.200182647538020342e-02 -2.587003944515631551e-02 6.151846405415287850e-02
-2.353994002061459832e+04 1.746146237333519675e+05 -1.030304149299058008e+04 -1.283489205883653995e+04 1.491924405754232794e+04 -2.385602113874392671e+03 1.675775082076443823e+03 2.626013147726422631e+03 8.991771068903393598e+02 7.463707169786013651e+01 1.492545937188963535e+03 -5.829556876664396441e+03 5.010387368394597615e+03 -5.461711669838688067e+03 -9.089767833227585925e+02 -3.513954900161062142e+03 2.266708219309375636e+03 2.496116471475131693e+05 9.187617258901067544e+05 3.617354992101971584e+04 -4.288176916574726783e+04 6.367866816992695385e+04 -1.903832432659540791e+04 2.811159670494720558e+04 -1.654426202126872522e+04 -6.800341810152085600e+03 7.550464007062444580e+03 1.680277498639463374e+04 -2.557159181215701665e+03 -1.442066501435611372e+03 -1.450347577096113810e+03 -1.958137405541365752e+03 -5.970697619204061084e+03 -2.552682715791503597e+03 8.639690505312330390e-03 -1.110817967254329984e-02 -2.368071849081472210e-02 -1.314502841817935530e-02 9.518054100991914235e-03 -2.136994994096000095e-03 7.423717914170866426e-03 1.002551826587487309e-02 6.935792133748018388e-03 9.937127985776748884e-03 2.085462267966162447e-03 4.018798256425978183e-03 -8.048493611043518181e-03
-5.888994439330035675e+04 -4.906535168299066754e+03 9.051212656495346164e+04 1.594723152212814966e+04 -7.161133283032497275e+03 -8.381049631671079624e+03 -5.673980356176780333e+03 -3.214578659805219559e+03 -8.512526003270850197e+03 -3.617205740233460347e+03 2.098685294152656127e+02 -2.183782484526398093e+03 3.443432060260362846e+02 6.826421944630267262e+02 -1.719001595446381998e+02 2.628151713751174611e+03 1.780706794880519226e+02 -6.192997713577079412e+04 3.617354992101971584e+04 5.256826210509620141e+05 1.288614240315989991e+04 1.375248081931667002e+04 -8.726467017818138629e+03 -1.512260768242735503e+04 -9.989869405472413746e+02 -3.114411129980487203e+03 -6.900115045683194239e+02 -1.836016001759321341e+02 -1.088001280330818554e+04 6.187210399849604073e+03 -5.287503076033535763e+03 -1.107122189638103919e+03 2.951864033670654862e+03 4.661824776154853680e+03 4.314902089601064649e-04 -1.700539746442847680e-03 -1.196645868676125997e-02 1.195386931314916176e-02 -1.571109731802207074e-02 -1.144707232546423974e-02 -8.560766265807638956e-03 -1.655311587609048160e-02 5.261827877150738715e-04 -3.174683648952965776e-03 1.781799497608338358e-03 5.975112688011526528e-03 2.981929694480248832e-02
6.229695142264530659e+03 -1.461944183240246639e+04 6.459029977868530295e+03 2.148445094734623126e+04 1.634994076509191018e+03 1.380763613277664444e+04 1.419492914980547994e+03 3.303226468802533418e+03 -6.023972880199663678e+02 -3.335102248628110829e+03 7.253550788016437991e+02 -2.021835826668687787e+03 -2.887872168156354292e+03 1.955180277827538475e+03 -2.122945883756886360e+03 -2.485385623827766040e+02 3.243599213466433753e+02 -4.404479499143485009e+04 -4.288176916574726783e+04 1.288614240315989991e+04 3.676012687303625280e+05 -2.770699316676119906e+03 3.035038719869622582e+04 1.201834514685174099e+03 5.884649463596403621e+03 -1.655391136382493642e+03 -1.168948531448905214e+03 7.559765723710588645e+03 7.363276047727787045e+03 1.833475939702666437e+03 1.467425075737718601e+02 -3.457360648541459341e+03 6.474828877292037760e+03 -5.098364197626500754e+03 6.450214132959953715e-04 3.515776704712272015e-03 6.792552446315312277e-03 -1.041079974485287045e-02 2.859984855502730600e-03 -4.790899174862282470e-04 -1.266279634096857676e-02 -7.766687154758600449e-03 -1.253009123163258132e-02 -1.645826152921348951e-03 -6.524468327661377479e-03 1.295869982162465434e-02 -1.555177591333806869e-02
1.607308466263319497e+04 1.028971616416722281e+04 -5.274728039517660363e+03 -2.704058856264875430e+03 4.770229050570387335e+04 -6.623886535154326793e+01 2.960586249124819915e+03 9.251039416722770170e+01 2.675103959124189714e+03 7.791881868880954016e+02 1.736153619833880384e+03 -3.710095851104830444e+02 3.614429405450242939e+03 7.965506777913918768e+02 1.918748276489164709e+03 1.367035800654965215e+03 2.966881395222033007e+03 1.120713549152462110e+04 6.367866816992695385e+04 1.375248081931667002e+04 -2.770699316676119906e+03 2.386016336483388150e+05 -6.876212232256427342e+03 -1.191038340075153974e+04 -8.031134013593660711e+03 -1.763116682407319047e+02 2.976870409064479190e+03 -2.332601265397701809e+03 1.738834483158544117e+03 -2.442382827903743873e+03 -4.379922668436030108e+03 -1.879711144712344776e+03 3.595365380804897086e+03 -1.184153972367022789e+03 1.826711009202157659e-03 1.788889562235247829e-03 -2.039874289329157969e-03 5.341965371526141834e-04 -2.621465389284358995e-03 1.726295967800737857e-03 -3.417926674365106676e-03 -2.751583163087960825e-03 -8.678193933535815335e-03 -1.186576681617653242e-02 -1.352821278133293018e-03 -2.926269921213455957e-02 -2.117260771740737263e-02
-1.322504843400135724e+04 -1.604758451800473495e+03 3.011103323717536568e+03 9.670828493349765267e+03 1.535144248707465067e+03 1.593619150636350241e+04 1.278454114033290807e+02 5.855855165147499974e+03 1.519286271283690667e+03 2.757476110153190234e+02 1.638900943023405034e+03 1.512235127993063998e+03 -6.550843976511060873e+02 1.290152992855956199e+03 1.116161503212153548e+03 8.689221271481978874e+02 6.432750763051972172e+02 6.367010487352195014e+03 -1.903832432659540791e+04 -8.726467017818138629e+03 3.035038719869622582e+04 -6.876212232256427342e+03 1.096969088734060933e+05 1.402808574741832126e+04 1.169838187569556430e+04 7.048370481157708127e+03 -6.730887084893438441e+02 3.374327548772391197e+02 -8.269208223068710595e+02 1.732210698251493568e+03 2.923698160313718745e+03 5.839841832692683283e+02 1.270966127902064727e+03 3.267734026410726528e+03 3.004888497306452697e-05 -1.473288178082006504e-03 3.011812594342328821e-03 -9.942056303564275610e-03 -4.714111459174531726e-03 5.168236815260600012e-03 1.323045615953335498e-04 8.475651852515662943e-03 1.202099746186068539e-03 -9.485935748136806872e-03 -5.965217091923931229e-03 -2.659332208236363845e-03 5.863869831481405281e-03
-1.330885198577803749e+04 1.217730984432562400e+04 -2.872156142172481850e+03 -2.952243388137209877e+03 3.700915793806520924e+03 1.956752926102290985e+03 1.143469419868877776e+04 -9.943557144241589185e+02 3.717743850778436467e+02 7.459826584561379832e+02 1.298856052322532832e+03 -2.692323037785928364e+02 1.023459617890078334e+03 4.294971099418215488e+01 -4.687327080552474854e+02 -3.618903882011969841e+01 1.348832000328747881e+03 3.264421229819063228e+04 2.811159670494720558e+04 -1.512260768242735503e+04 1.201834514685174099e+03 -1.191038340075153974e+04 1.402808574741832126e+04 9.469662848927195591e+04 -3.328784160361930844e+03 3.101145311552269050e+03 3.017187977944367049e+03 1.323206251266235313e+03 -9.824250559574810495e+02 3.034973194180938208e+03 -1.016162079560974576e+03 3.336990030803481204e+03 -1.915281761890484631e+03 -1.029209326200981650e+03 4.775113144000118462e-04 5.372482725721965634e-03 2.603039157027716918e-03 2.650428864722378149e-03 3.322241433991296976e-03 8.947679447074516779e-04 5.230458108592976954e-03 1.476142407777987975e-03 8.305760180565901346e-03 -3.740323926317646545e-03 1.065181636189479336e-02 -1.066124584647418216e-02 6.711247231394601442e-03
-7.178767815632066231e+03 -2.341340668213646950e+03 -2.188644232399957161e+02 -2.852781179783777588e+03 -1.417510102809770160e+03 -1.089086379480743062e+03 -3.900829441181665516e+03 6.505881151452974336e+03 -2.244661541443967963e+02 -1.096464900452998108e+03 -2.510854425011904709e+02 2.772135289478714526e+02 -9.167576370659322720e+02 1.041592602672131989e+03 1.210526914506122722e+02 3.168189075581396708e+01 -6.566369287702148085e+02 9.255186852514381826e+03 -1.654426202126872522e+04 -9.989869405472413746e+02 5.884649463596403621e+03 -8.031134013593660711e+03 1.169838187569556430e+04 -3.328784160361930844e+03 5.410029687215812010e+04 -8.910256047910299912e+02 2.342992030162673927e+03 2.376705873657463428e+02 3.095348886429401318e+03 2.999142612721091155e+02 6.878420414508390195e+02 -5.653983191712420648e+02 2.677578138459229194e+03 1.310225630280162022e+03 1.295236141375792974e-03 3.435447297652382236e-03 2.364611073906815100e-03 -1.072720679345806486e-03 1.721420821737933106e-03 4.252606468256938353e-03 -4.347284053747049216e-03 3.815304445450118029e-03 -3.951659260280120317e-04 -2.443608427940116828e-03 -4.599621050329190386e-03 -6.479274990963740898e-03 -1.054508816551293819e-03
-6.486787322166960621e+03 -2.636378311019680496e+03 5.947479823833797354e+02 3.003020126412702666e+03 9.328712436695226415e+02 7.854444387881554803e+02 6.973887853704172812e+02 1.499462581645934961e+03 4.289280975957513874e+03 -7.748835167273502122e+01 5.889110051880048786e+02 2.566129737121983112e+02 1.109202413686476575e+03 -6.135059720800106220e+01 2.033024230240324925e+02 5.363890578289403948e+02 2.139080470748750429e+02 2.553765632372245091e+04 -6.800341810152085600e+03 -3.114411129980487203e+03 -1.655391136382493642e+03 -1.763116682407319047e+02 7.048370481157708127e+03 3.101145311552269050e+03 -8.910256047910299912e+02 3.099061736203843247e+04 -1.453854906248609495e+03 3.014687335205137060e+03 1.615020365024574403e+03 1.766920562011332549e+03 3.913084994996619571e+03 -9.352574425836812679e+02 2.189227487175950841e+02 -6.791620412371211160e+02 -5.133429223721778416e-04 -2.228049343190376900e-03 1.834032201312915970e-03 -4.129421558607559821e-03 -3.859260674605588613e-03 -2.343598390170220473e-03 5.295488772816723481e-04 -2.072300434303325084e-03 -2.211278460927846353e-03 -3.969812269289670938e-03 5.047208004838747535e-03 -5.661273047694140824e-03 -1.253464412840990874e-02
5.930438433348091166e+03 1.388638425236530338e+02 -2.480767720697799177e+03 -3.378426371138048125e+03 -1.414948124739286868e+03 -7.194618479945617082e+02 1.676031992105754625e+03 1.347027231968945216e+03 -9.284180753510449904e+02 2.093022290766678907e+03 -8.007990771167073945e+02 5.855798774407112433e+02 5.028733370321176039e+02 4.167815819970439293e+02 -3.170191779671778249e+02 4.465869685595644967e+01 1.938705317575191245e+01 -2.466609057509516060e+04 7.550464007062444580e+03 -6.900115045683194239e+02 -1.168948531448905214e+03 2.976870409064479190e+03 -6.730887084893438441e+02 3.017187977944367049e+03 2.342992030162673927e+03 -1.453854906248609495e+03 2.574617482379221474e+04 -2.904845789192494976e+03 2.285948422505764484e+02 8.416516037138053434e+02 -1.347173765576950245e+03 -9.902332104010476996e+02 -3.829084080360466942e+02 6.151188595527999041e+02 -7.422012014225880857e-04 -6.667339252661893785e-04 -6.955903652696866215e-04 7.690176924390682012e-04 2.394612575150470608e-03 1.616872722469997340e-03 7.371707941024823298e-05 -3.241546079660968024e-03 -1.660593563909135454e-03 2.107149771631674356e-03 -9.771169666020033950e-04 -4.112716519720802620e-03 -5.680311479395658107e-03
-1.643520246087373744e+04 9.923357058682817296e+03 -2.185852257999716130e+03 5.132026329632605666e+03 -9.285111176746902402e+02 1.179219014808273414e+03 -8.673803105322840565e+02 -2.884644538310934649e+02 1.904447405919661605e+03 5.795552367768975728e+02 4.458842516990597687e+03 -3.622523026556984860e+02 6.816357231065467204e+02 -3.253655157438948891e+02 5.907533099141596722e+02 7.182759077606658593e+01 2.730174795015192899e+02 -9.006760991642904628e+03 1.680277498639463374e+04 -1.836016001759321341e+02 7.559765723710588645e+03 -2.332601265397701809e+03 3.374327548772391197e+02 1.323206251266235313e+03 2.376705873657463428e+02 3.014687335205137060e+03 -2.904845789192494976e+03 3.078536945862888388e+04 1.662714707183873998e+03 8.152657028162958568e+02 -8.611981895445141788e+01 1.193360436486469098e+03 -6.170441537900620688e+01 -2.036944872664487548e+03 -1.946909667070347016e-03 -1.487787755026909013e-03 -2.129271020230806739e-04 -4.442332425276055157e-04 -1.975366396833798995e-03 -9.966352713273655788e-04 -2.109416109157290220e-03 -3.907124243704279513e-03 1.417111367265882073e-04 -1.603828532086646946e-03 3.264449662303231785e-03 7.571741922551698117e-03 2.784786357405327263e-04
7.122737160849930660e+03 1.343634488365735479e+03 -9.896501176846725230e+02 2.806037835520166936e+03 -1.043883819085280493e+03 5.921058581752188275e+02 -1.006032434134753203e+03 1.530182686499248121e+03 -4.979111930759781899e+02 1.292318315579734929e+02 5.779408818844902953e+02 1.283730788136102319e+03 6.837611088378063187e+02 9.235537553025973239e+02 6.009185444082562810e+01 1.265597984068778032e+02 2.456552442437393609e+02 1.141809464257292711e+04 -2.557159181215701665e+03 -1.088001280330818554e+04 7.363276047727787045e+03 1.738834483158544117e+03 -8.269208223068710595e+02 -9.824250559574810495e+02 3.095348886429401318e+03 1.615020365024574403e+03 2.285948422505764484e+02 1.662714707183873998e+03 1.532044312720015296e+04 2.157030896993247097e+03 2.062934252184866182e+03 -2.920106147252688515e+02 1.469165921163104940e+03 -4.993677487923500280e+02 -1.323210091717238850e-03 -2.064088181577039809e-03 1.239551059567409793e-03 1.659949450113346308e-04 2.907961408476069948e-03 -1.714005972888966924e-04 1.774110730238462330e-03 2.066638816578174852e-03 6.210611661870468802e-04 -3.615887460679224831e-04 -1.296482118677914777e-03 -3.060754557293644991e-03 -7.357395890842771159e-03
-1.233855344956695035e+03 5.902348328137372846e+03 1.640030010583183639e+03 3.070086877935500070e+03 1.680317509854988884e+02 3.378425215270498256e+02 -2.538961104265888196e+02 3.663437015416399163e+02 -1.550971706378436465e+02 -4.327338513109436491e+01 -2.343123019893359782e+01 6.032722569849809133e+02 2.193256447010276588e+03 1.500610785959829343e+02 2.888017398405544895e+02 1.272123173252344657e+02 1.819474110596628691e+02 3.038084802897105874e+03 -1.442066501435611372e+03 6.187210399849604073e+03 1.833475939702666437e+03 -2.442382827903743873e+03 1.732210698251493568e+03 3.034973194180938208e+03 2.999142612721091155e+02 1.766920562011332549e+03 8.416516037138053434e+02 8.152657028162958568e+02 2.157030896993247097e+03 1.288417381909123469e+04 8.438879815389933583e+02 -6.892365989699942475e+02 1.178942216285624767e+02 -3.457852064789593101e+02 1.164295289292697089e-03 -2.240461208622693788e-03 -6.557331035598035597e-04 4.596195305957973660e-04 6.117461899930539846e-04 -2.978594290901607697e-03 -1.658343953888614204e-03 -7.969689424681033465e-04 1.680813122099497582e-03 -2.914630383711966800e-03 -2.050915673652343053e-03 -1.617599394444483966e-03 5.359401820792486677e-03
1.353955560900324235e+04 -1.419145684214749281e+03 -1.909466304468593023e+02 -2.827716608201067174e+02 -2.069783080986363188e+02 1.356901431254922045e+03 1.720307983999708199e+02 -1.590813038857270989e+01 1.272137370106806202e+03 6.420888325086814064e+01 -6.221644280240373348e+01 1.660294869196713137e+02 7.951493542552351528e+02 1.440809034540127868e+03 -9.528870343810268650e+00 3.564943534626344501e+01 2.725222307786709308e+01 1.907638406503218721e+04 -1.450347577096113810e+03 -5.287503076033535763e+03 1.467425075737718601e+02 -4.379922668436030108e+03 2.923698160313718745e+03 -1.016162079560974576e+03 6.878420414508390195e+02 3.913084994996619571e+03 -1.347173765576950245e+03 -8.611981895445141788e+01 2.062934252184866182e+03 8.438879815389933583e+02 1.199996712515078434e+04 -4.380644604428300113e+02 3.464050807001202656e+02 -3.761616346463881655e+02 3.489840419107685210e-04 -3.950463486128141111e-05 1.883214704060247194e-03 -3.536203795233555788e-04 -6.944990528299451772e-04 1.502183917644542201e-03 1.651483896777853179e-04 4.262055486338926324e-04 2.615785868849066723e-03 5.128247879033081841e-04 4.306155795929448964e-04 -1.105462640994792599e-03 1.112946781696107440e-03
5.212134133806867794e+03 -9.839460644870678152e+02 1.220972931436260069e+03 1.623716810234215473e+03 1.774070354951862782e+03 7.637819657201132486e+02 5.617353236115243362e+02 4.954149225025464034e+02 4.431074838223004235e+02 -3.445827028956863387e+02 4.066939653714386509e+02 1.260172973755881003e+02 -7.314076798581907290e+00 -2.616417646769405678e+02 6.198838722998493722e+02 -2.045964346545019552e+01 -2.780851781724925686e+01 -1.761567719294059088e+03 -1.958137405541365752e+03 -1.107122189638103919e+03 -3.457360648541459341e+03 -1.879711144712344776e+03 5.839841832692683283e+02 3.336990030803481204e+03 -5.653983191712420648e+02 -9.352574425836812679e+02 -9.902332104010476996e+02 1.193360436486469098e+03 -2.920106147252688515e+02 -6.892365989699942475e+02 -4.380644604428300113e+02 5.748177471880483608e+03 2.670904304142942465e+02 2.717369539048315232e+02 -5.036500844802727301e-04 -2.676088467502529930e-04 6.862194091633600510e-04 -7.575720169883685875e-04 -2.083947108208620939e-03 2.264410873150748873e-03 -1.564509766556413566e-03 3.066824951897253950e-04 7.280282731533812375e-04 -8.691253330553157458e-04 1.643641752446086497e-03 4.098974215402473656e-03 4.778641631874270060e-03
-9.669819640805154677e+02 4.535312890366057218e+03 -6.097098036949606694e+02 -2.670211886758581272e+02 1.933438156410088823e+03 -2.261641447373315543e+02 -1.330636436545059269e+03 9.341610765034922679e+02 -8.967131004428828822e-01 -8.042349504475750166e+01 4.981581427396527033e+02 5.005833717040287070e+02 1.044431530524388876e+02 2.877514258061691521e+02 -2.535680702982054768e+01 8.779558895832562939e+02 3.098416416417018127e+02 -2.360430164583794976e+04 -5.970697619204061084e+03 2.951864033670654862e+03 6.474828877292037760e+03 3.595365380804897086e+03 1.270966127902064727e+03 -1.915281761890484631e+03 2.677578138459229194e+03 2.189227487175950841e+02 -3.829084080360466942e+02 -6.170441537900620688e+01 1.469165921163104940e+03 1.178942216285624767e+02 3.464050807001202656e+02 2.670904304142942465e+02 7.242060718334625562e+03 -8.705829595250710895e+01 2.949103300992944230e-04 2.895902605966462084e-05 9.712245516917960035e-04 -1.945660464441557359e-03 2.010010224894469592e-04 -1.863561277156319937e-03 -1.661916175085705093e-03 1.276274114483052797e-03 -4.664790643946703318e-05 -1.514560105527456863e-03 8.498390016416641464e-04 -2.320377417672076382e-03 -6.316143904705140096e-05
